A	N	E	M	U	L	B	J	S	O 
1	4.78190255220418	84.3712296983759	102.143851508121	95.3631090487239	40.1763341067285	167.077726218097	122.419953596288	218.736658932715	295.788863109049 
4.78190255220418	1	1	7.43039443155452	62.5475638051044	12.3979118329466	128.561484918794	176.713457076566	249.242459396752	249.033642691415 
84.3712296983759	1	1	182.735498839907	244.633410672854	160.404872389791	322.357308584687	362.529002320186	444.236658932715	442.991879350348 
102.143851508121	7.43039443155452	182.735498839907	1	8.70533642691415	30.7320185614849	73.0742459396752	121.92807424594	187.303944315545	191.584686774942 
95.3631090487239	62.5475638051044	244.633410672854	8.70533642691415	1	13.5684454756381	12.6821345707657	47.6264501160093	121.795823665893	131.169373549884 
40.1763341067285	12.3979118329466	160.404872389791	30.7320185614849	13.5684454756381	1	59.0974477958237	2.36078886310905	112.57656612529	177.537122969838 
167.077726218097	128.561484918794	322.357308584687	73.0742459396752	12.6821345707657	59.0974477958237	1	30.5197215777262	15.8979118329466	14.3051044083527 
122.419953596288	176.713457076566	362.529002320186	121.92807424594	47.6264501160093	2.36078886310905	30.5197215777262	1	2.70881670533643	104.701856148492 
218.736658932715	249.242459396752	444.236658932715	187.303944315545	121.795823665893	112.57656612529	15.8979118329466	2.70881670533643	1	2.01044083526682 
295.788863109049	249.033642691415	442.991879350348	191.584686774942	131.169373549884	177.537122969838	14.3051044083527	104.701856148492	2.01044083526682	1 

A	N	E	M	U	L	B	J	S	O 
0	15.76680436	39.55689072	24.52196771	41.770184	1	51.06947052	36.71273	85.57566654	76.20953811 
15.76680436	1	1	1	17.33383402	14.42771311	41.81336838	31.77506572	84.38377769	70.0184003 
39.55689072	1	1	44.31618475	84.63800225	85.84453624	120.8595569	112.9369133	165.2001502	78.18137439 
24.52196771	1	44.31618475	1	9.462260608	9.866316185	35.30604581	27.07510327	78.81637251	63.38903492 
41.770184	17.33383402	84.63800225	9.462260608	1	12.19376643	5.666541495	14.77131055	55.61246714	36.84190762 
1	14.42771311	85.84453624	9.866316185	12.19376643	1	18.51145325	6.358242584	59.19339091	46.39954938 
51.06947052	41.81336838	120.8595569	35.30604581	5.666541495	18.51145325	1	2.369132557	8.246714232	1 
36.71273	31.77506572	112.9369133	27.07510327	14.77131055	6.358242584	2.369132557	1	8.055200901	1.647390161 
85.57566654	84.38377769	165.2001502	78.81637251	55.61246714	59.19339091	8.246714232	8.055200901	1	1 
76.20953811	70.0184003	78.18137439	63.38903492	36.84190762	46.39954938	1	1.647390161	1	1 

A	N	E	M	U	L	B	J	S	O 
0	18.07685512	45.30874558	45.12985866	69.65724382	14.98454064	80.01457597	63.16033569	111.6837456	154.5834806 
18.07685512	1	1	10.11263251	25.6704947	21.32553004	63.38295053	53.47835689	99.95141343	124.9933746 
45.30874558	1	1	58.64443463	110.7190813	91.40989399	150.5039753	141.0636042	188.1086572	211.0256184 
45.12985866	10.11263251	58.64443463	1	15.1475265	24.40061837	38.6139576	26.63515901	76.50176678	107.6616608 
69.65724382	25.6704947	110.7190813	15.1475265	1	50.77517668	8.833038869	11.66607774	43.37411661	64.12367491 
14.98454064	21.32553004	91.40989399	24.40061837	50.77517668	1	57.72835689	41.78268551	80.02738516	125.2844523 
80.01457597	63.38295053	150.5039753	38.6139576	8.833038869	57.72835689	1	1	1	10.48321555 
63.16033569	53.47835689	141.0636042	26.63515901	11.66607774	41.78268551	1	1	7.849823322	52.83657244 
111.6837456	99.95141343	188.1086572	76.50176678	43.37411661	80.02738516	1	7.849823322	1	1 
154.5834806	124.9933746	211.0256184	107.6616608	64.12367491	125.2844523	10.48321555	52.83657244	1	1 

A	N	E	M	U	L	B	J	S	O 
0	5.251994852	13.13629344	13.08301158	21.16010296	4.293436293	25.65225225	21.07786358	35.52612613	48.32715573 
5.251994852	1	1	2.925611326	7.73963964	6.17014157	18.99137709	14.06512227	29.65456885	38.83024453 
13.13629344	1	1	19.32149292	35.26975547	34.07863578	43.52509653	44.08391248	56.69124839	61.73616474 
13.08301158	2.925611326	19.32149292	1	5.35006435	7.071685972	12.57606178	7.100514801	24.08622909	34.35508366 
21.16010296	7.73963964	35.26975547	5.35006435	1	15.47413127	2.293178893	1	12.53590734	20.37039897 
4.293436293	6.17014157	34.07863578	7.071685972	15.47413127	1	19.78661519	15.63642214	27.06061776	39.98468468 
25.65225225	18.99137709	43.52509653	12.57606178	2.293178893	19.78661519	1	1	1	3.825868726 
21.07786358	14.06512227	44.08391248	7.100514801	1	15.63642214	1	1	2.320849421	15.27606178 
35.52612613	29.65456885	56.69124839	24.08622909	12.53590734	27.06061776	1	2.320849421	1	1 
48.32715573	38.83024453	61.73616474	34.35508366	20.37039897	39.98468468	3.825868726	15.27606178	1	1 

A	N	E	M	U	L	B	J	S	O 
0	2.111627239	5.562637678	4.769945408	7.02360885	1.49281678	10.80940523	10.80940523	15.90063212	15.86998372 
2.111627239	1	1	1.317833541	1.743846375	2.515946748	7.165405612	7.165405612	13.27928359	13.58126616 
5.562637678	1	1	5.915477445	12.74317594	14.49195479	13.93937362	13.93937362	22.59208888	21.34733263 
4.769945408	1.317833541	5.915477445	1	1.513696006	2.605018676	5.447514606	5.447514606	11.26228331	11.45163299 
7.02360885	1.743846375	12.74317594	1.513696006	1	4.86864285	1	1	6.956326022	7.358825783 
1.49281678	2.515946748	14.49195479	2.605018676	4.86864285	1	9.002250742	9.002250742	13.21650225	12.95283019 
10.80940523	7.165405612	13.93937362	5.447514606	1	9.002250742	1	1	1	1 
10.80940523	7.165405612	13.93937362	5.447514606	1	9.002250742	1	1	1	1 
15.90063212	13.27928359	22.59208888	11.26228331	6.956326022	13.21650225	1	1	1	1 
15.86998372	13.58126616	21.34733263	11.45163299	7.358825783	12.95283019	1	1	1	1 

A	N	E	M	U	L	B	J	S	O 
0	3.18455781	19.86724444	23.90663778	42.83769943	1	51.4349025	51.4349025	68.25999606	59.53850699 
3.18455781	1	1	17.32460114	27.017727	10.22434509	43.97537916	43.97537916	64.25211739	53.76324601 
19.86724444	1	1	26.3005712	60.90683474	59.54185543	66.29623794	66.29623794	100.5489462	87.52747686 
23.90663778	17.32460114	26.3005712	1	12.90880441	20.39216072	21.03171164	21.03171164	40.10695292	30.22789049 
42.83769943	27.017727	60.90683474	12.90880441	1	38.57711247	4.222375419	4.222375419	27.77368525	16.34094938 
1	10.22434509	59.54185543	20.39216072	38.57711247	1	48.45834154	48.45834154	64.23931456	56.77979122 
51.4349025	43.97537916	66.29623794	21.03171164	4.222375419	48.45834154	1	1	8.517234587	1 
51.4349025	43.97537916	66.29623794	21.03171164	4.222375419	48.45834154	1	1	1	1 
68.25999606	64.25211739	100.5489462	40.10695292	27.77368525	64.23931456	8.517234587	1	1	1 
59.53850699	53.76324601	87.52747686	30.22789049	16.34094938	56.77979122	1	1	1	1 

A	N	E	M	U	L	B	J	S	O 
0	3.576796715	20.82813142	24.22258727	51.19034908	1	60.28809035	60.28809035	76.30492813	68.45646817 
3.576796715	1	1	17.33244353	33.49774127	11.34147844	49.55215606	49.55215606	69.31252567	59.40205339 
20.82813142	1	1	26.95770021	57.12320329	64.02361396	61.76570842	61.76570842	96.62915811	84.15790554 
24.22258727	17.33244353	26.95770021	1	21.8063655	20.51765914	29.01827515	29.01827515	46.51786448	37.70924025 
51.19034908	33.49774127	57.12320329	21.8063655	1	48.17227926	4.247433265	4.247433265	28.0073922	16.4761807 
1	11.34147844	64.02361396	20.51765914	48.17227926	1	56.87494867	56.87494867	73.60349076	65.36755647 
60.28809035	49.55215606	61.76570842	29.01827515	4.247433265	56.87494867	1	1	8.015195072	1 
60.28809035	49.55215606	61.76570842	29.01827515	4.247433265	56.87494867	1	1	1	1 
76.30492813	69.31252567	96.62915811	46.51786448	28.0073922	73.60349076	8.015195072	1	1	1 
68.45646817	59.40205339	84.15790554	37.70924025	16.4761807	65.36755647	1	1	1	1 

A	N	E	M	U	L	B	J	S	O 
0	4.991671193	8.994115517	18.02127467	26.75764983	3.016295492	25.9400688	25.9400688	34.51294586	34.51294586 
4.991671193	1	16.82554771	12.13688213	19.39815318	6.689208763	19.10447221	19.10447221	27.43780554	27.43780554 
8.994115517	16.82554771	1	10.19545537	21.93572334	29.02616332	33.30409198	33.30409198	41.91100851	41.91100851 
18.02127467	12.13688213	10.19545537	1	9.799655984	22.14050335	20.73999638	20.73999638	29.3418432	29.3418432 
26.75764983	19.39815318	21.93572334	9.799655984	1	26.87561108	1	1	8.741716458	8.741716458 
3.016295492	6.689208763	29.02616332	22.14050335	26.87561108	1	22.01973565	22.01973565	30.68078943	30.68078943 
25.9400688	19.10447221	33.30409198	20.73999638	1	22.01973565	1	1	1	1 
25.9400688	19.10447221	33.30409198	20.73999638	1	22.01973565	1	1	1	1 
34.51294586	27.43780554	41.91100851	29.3418432	8.741716458	30.68078943	1	1	1	1 
34.51294586	27.43780554	41.91100851	29.3418432	8.741716458	30.68078943	1	1	1	1 

A	N	E	M	U	L	B	J	S	O 
0	32.74311927	50.77217125	101.7823649	149.295107	16.77013252	152.0005097	152.0005097	200.2752294	200.2752294 
32.74311927	1	84.16768603	67.72579001	101.7278287	41.83078491	110.5366972	110.5366972	157.459735	157.459735 
50.77217125	84.16768603	1	27.26860347	97.75586137	156.7594292	180.4143731	180.4143731	226.9892966	226.9892966 
101.7823649	67.72579001	27.26860347	1	51.57237513	133.4449541	134.4439348	134.4439348	181.883792	181.883792 
149.295107	101.7278287	97.75586137	51.57237513	1	150.1641182	1	1	51.36289501	50.63404689 
16.77013252	41.83078491	156.7594292	133.4449541	150.1641182	1	131.9525994	131.9525994	182.4765545	182.4765545 
152.0005097	110.5366972	180.4143731	134.4439348	1	131.9525994	1	1	1	1 
152.0005097	110.5366972	180.4143731	134.4439348	1	131.9525994	1	1	1	1 
200.2752294	157.459735	226.9892966	181.883792	51.36289501	182.4765545	1	1	1	1 
200.2752294	157.459735	226.9892966	181.883792	50.63404689	182.4765545	1	1	1	1 

A	N	E	M	U	L	B	J	S	O 
0	15.36123348	36.03928047	21.80396476	30.12187959	1	43.9849486	31.24375918	79.76982379	71.01358297 
15.36123348	1	1	6.097283407	21.09030837	34.29992658	51.33076358	51.53414097	99.14023495	81.88325991 
36.03928047	1	1	54.89537445	79.32892805	77.59948605	109.048091	105.5146843	157.037812	132.2213656 
21.80396476	6.097283407	54.89537445	1	3.059838473	15.7701909	34.10829662	29.96218796	78.09251101	61.35022026 
30.12187959	21.09030837	79.32892805	3.059838473	1	11.55800294	5.559838473	13.05396476	54.09471366	36.00770925 
1	34.29992658	77.59948605	15.7701909	11.55800294	1	17.77092511	5.925477239	54.13215859	45.02386197 
43.9849486	51.33076358	109.048091	34.10829662	5.559838473	17.77092511	1	2.388032305	8.046255507	1 
31.24375918	51.53414097	105.5146843	29.96218796	13.05396476	5.925477239	2.388032305	1	8.031938326	1.726872247 
79.76982379	99.14023495	157.037812	78.09251101	54.09471366	54.13215859	8.046255507	8.031938326	1	1 
71.01358297	81.88325991	132.2213656	61.35022026	36.00770925	45.02386197	1	1.726872247	1	1 

A	N	E	M	U	L	B	J	S	O 
0	5.625453415	9.406259716	23.55145611	33.79127371	2.030469479	31.63509172	31.63509172	44.5948803	45.14633641 
5.625453415	1	17.32511141	17.1366981	25.44781843	9.341278889	23.67177946	23.67177946	37.26738522	37.10488133 
9.406259716	17.32511141	1	28.24448129	45.09420665	32.55207794	47.90931703	47.90931703	61.44046015	60.74992227 
23.55145611	17.1366981	28.24448129	1	20.28096176	30.10840502	26.3327806	26.3327806	41.67924137	37.76391336 
33.79127371	25.44781843	45.09420665	20.28096176	1	36.04974609	1	1	15.7252565	12.19204063 
2.030469479	9.341278889	32.55207794	30.10840502	36.04974609	1	29.60462224	29.60462224	41.57964556	42.26344699 
31.63509172	23.67177946	47.90931703	26.3327806	1	29.60462224	1	1	1	1 
31.63509172	23.67177946	47.90931703	26.3327806	1	29.60462224	1	1	1	1 
44.5948803	37.26738522	61.44046015	41.67924137	15.7252565	41.57964556	1	1	1	1 
45.14633641	37.10488133	60.74992227	37.76391336	12.19204063	42.26344699	1	1	1	1 

A	N	E	M	U	L	B	J	S	O 
0	8.442489671	11.72797548	34.89151006	45.08250033	2.579368253	41.90950287	41.90950287	58.95468479	59.33120085 
8.442489671	1	22.4963348	25.16313475	33.22031188	13.13314674	31.06863921	31.06863921	48.64894042	48.33786485 
11.72797548	22.4963348	1	41.82660269	59.64320938	41.53831801	62.59522858	62.59522858	80.07743569	79.20591763 
34.89151006	25.16313475	41.82660269	1	25.48673864	42.37518326	32.87698254	32.87698254	53.15433826	46.96628015 
45.08250033	33.22031188	59.64320938	25.48673864	1	48.01959216	1	1	20.04731441	15.52259096 
2.579368253	13.13314674	41.53831801	42.37518326	48.01959216	1	39.61068906	39.61068906	55.11995202	56.18219379 
41.90950287	31.06863921	62.59522858	32.87698254	1	39.61068906	1	1	1	1 
41.90950287	31.06863921	62.59522858	32.87698254	1	39.61068906	1	1	1	1 
58.95468479	48.64894042	80.07743569	53.15433826	20.04731441	55.11995202	1	1	1	1 
59.33120085	48.33786485	79.20591763	46.96628015	15.52259096	56.18219379	1	1	1	1 

A	N	E	M	U	L	B	J	S	O 
0	1	0.00000001	4.13779465	4.13779465	1	4.814140034	4.814140034	6.386889256	6.789090794 
1	1	0.00000001	3.023857933	3.023857933	1	3.58410636	3.58410636	5.127771777	5.525668721 
0.00000001	0.00000001	1	0.00000001	0.00000001	0.00000001	0.00000001	0.00000001	0.00000001	0.00000001 
4.13779465	3.023857933	0.00000001	1	1	4.13779465	1.155013025	1.155013025	2.957414702	2.754685812 
4.13779465	3.023857933	0.00000001	1	1	4.13779465	1.155013025	1.155013025	2.957414702	2.754685812 
1	1	0.00000001	4.13779465	4.13779465	1	4.814140034	4.814140034	6.386889256	6.789090794 
4.814140034	3.58410636	0.00000001	1.155013025	1.155013025	4.814140034	1	1	1	1 
4.814140034	3.58410636	0.00000001	1.155013025	1.155013025	4.814140034	1	1	1	1 
6.386889256	5.127771777	0.00000001	2.957414702	2.957414702	6.386889256	1	1	1	1 
6.789090794	5.525668721	0.00000001	2.754685812	2.754685812	6.789090794	1	1	1	1 

END
